ENVI ASCII Plot File [Mon Apr 12 19:11:38 2021]
Column 1: Wavelength
Column 2: Panchromatic~~2##255,0,0
Column 3: Blue~~22##0,128,0
Column 4: Green~~4##0,0,255
Column 5: Yellow~~6##0,255,255
Column 6: Red~~7##255,0,255
Column 7: Red Edge~~28##128,128,0
Column 8: NIR1~~31##0,128,128
Column 9: NIR2~~19##128,0,0
Column 10: Coastal~~3##0,255,0
  0.350000  0.000006  0.000001  0.000000  0.000000  0.000000  0.000000  0.000000  0.000000  0.000002
  0.351000  0.000006  0.000001  0.000000  0.000000  0.000000  0.000000  0.000000  0.000001  0.000002
  0.352000  0.000006  0.000000  0.000000  0.000000  0.000000  0.000000  0.000000  0.000002  0.000003
  0.353000  0.000006  0.000000  0.000000  0.000000  0.000000  0.000000  0.000000  0.000012  0.000004
  0.354000  0.000007  0.000000  0.000000  0.000000  0.000000  0.000000  0.000000  0.000022  0.000004
  0.355000  0.000007  0.000000  0.000000  0.000000  0.000000  0.000000  0.000000  0.000020  0.000003
  0.356000  0.000006  0.000000  0.000000  0.000000  0.000000  0.000000  0.000000  0.000017  0.000002
  0.357000  0.000005  0.000000  0.000000  0.000000  0.000000  0.000000  0.000000  0.000064  0.000003
  0.358000  0.000004  0.000000  0.000000  0.000000  0.000000  0.000000  0.000000  0.000111  0.000003
  0.359000  0.000003  0.000000  0.000000  0.000000  0.000000  0.000000  0.000000  0.000093  0.000002
  0.360000  0.000002  0.000000  0.000000  0.000000  0.000000  0.000000  0.000000  0.000075  0.000002
  0.361000  0.000002  0.000000  0.000000  0.000000  0.000000  0.000000  0.000000  0.000042  0.000002
  0.362000  0.000002  0.000000  0.000000  0.000000  0.000000  0.000000  0.000000  0.000007  0.000003
  0.363000  0.000002  0.000000  0.000000  0.000000  0.000000  0.000000  0.000000  0.000004  0.000003
  0.364000  0.000003  0.000000  0.000000  0.000000  0.000000  0.000000  0.000000  0.000001  0.000004
  0.365000  0.000003  0.000000  0.000000  0.000000  0.000000  0.000000  0.000000  0.000000  0.000004
  0.366000  0.000003  0.000000  0.000000  0.000000  0.000000  0.000000  0.000000  0.000000  0.000003
  0.367000  0.000003  0.000000  0.000000  0.000000  0.000000  0.000000  0.000000  0.000001  0.000004
  0.368000  0.000003  0.000000  0.000000  0.000000  0.000000  0.000000  0.000000  0.000001  0.000005
  0.369000  0.000004  0.000000  0.000000  0.000000  0.000000  0.000000  0.000000  0.000001  0.000004
  0.370000  0.000004  0.000000  0.000000  0.000000  0.000000  0.000000  0.000000  0.000000  0.000003
  0.371000  0.000004  0.000000  0.000000  0.000000  0.000000  0.000000  0.000000  0.000000  0.000004
  0.372000  0.000004  0.000000  0.000000  0.000000  0.000000  0.000000  0.000000  0.000000  0.000006
  0.373000  0.000004  0.000000  0.000000  0.000000  0.000000  0.000000  0.000000  0.000000  0.000006
  0.374000  0.000003  0.000000  0.000000  0.000000  0.000000  0.000000  0.000000  0.000000  0.000006
  0.375000  0.000003  0.000000  0.000000  0.000000  0.000000  0.000000  0.000000  0.000000  0.000005
  0.376000  0.000003  0.000000  0.000000  0.000000  0.000000  0.000000  0.000000  0.000000  0.000004
  0.377000  0.000004  0.000000  0.000000  0.000000  0.000000  0.000000  0.000000  0.000000  0.000005
  0.378000  0.000004  0.000001  0.000000  0.000000  0.000000  0.000000  0.000000  0.000000  0.000005
  0.379000  0.000004  0.000000  0.000000  0.000000  0.000000  0.000000  0.000000  0.000000  0.000006
  0.380000  0.000005  0.000000  0.000000  0.000000  0.000000  0.000000  0.000000  0.000000  0.000007
  0.381000  0.000005  0.000000  0.000000  0.000000  0.000000  0.000000  0.000000  0.000000  0.000009
  0.382000  0.000004  0.000000  0.000000  0.000000  0.000000  0.000000  0.000000  0.000000  0.000011
  0.383000  0.000004  0.000000  0.000000  0.000000  0.000000  0.000000  0.000000  0.000000  0.000016
  0.384000  0.000004  0.000000  0.000000  0.000000  0.000000  0.000000  0.000000  0.000000  0.000022
  0.385000  0.000003  0.000001  0.000000  0.000000  0.000000  0.000000  0.000000  0.000000  0.000045
  0.386000  0.000003  0.000001  0.000001  0.000000  0.000000  0.000000  0.000000  0.000000  0.000070
  0.387000  0.000004  0.000001  0.000000  0.000000  0.000000  0.000000  0.000000  0.000000  0.000138
  0.388000  0.000004  0.000001  0.000000  0.000000  0.000000  0.000000  0.000000  0.000000  0.000208
  0.389000  0.000004  0.000001  0.000000  0.000000  0.000000  0.000001  0.000000  0.000000  0.000418
  0.390000  0.000004  0.000001  0.000000  0.000001  0.000000  0.000001  0.000000  0.000000  0.000635
  0.391000  0.000004  0.000001  0.000000  0.000006  0.000000  0.000002  0.000000  0.000000  0.001258
  0.392000  0.000005  0.000001  0.000000  0.000011  0.000000  0.000002  0.000000  0.000000  0.001896
  0.393000  0.000005  0.000001  0.000000  0.000031  0.000000  0.000002  0.000000  0.000000  0.004934
  0.394000  0.000006  0.000000  0.000000  0.000052  0.000000  0.000002  0.000000  0.000000  0.008013
  0.395000  0.000006  0.000001  0.000000  0.000027  0.000000  0.000001  0.000000  0.000000  0.027428
  0.396000  0.000006  0.000001  0.000000  0.000002  0.000000  0.000001  0.000000  0.000000  0.047372
  0.397000  0.000005  0.000001  0.000000  0.000001  0.000000  0.000001  0.000000  0.000000  0.104000
  0.398000  0.000005  0.000001  0.000001  0.000000  0.000000  0.000002  0.000000  0.000000  0.161806
  0.399000  0.000004  0.000002  0.000000  0.000000  0.000000  0.000002  0.000000  0.000000  0.258051
  0.400000  0.000004  0.000003  0.000000  0.000000  0.000000  0.000002  0.000000  0.000000  0.355988
  0.401000  0.000004  0.000003  0.000000  0.000000  0.000000  0.000001  0.000000  0.000000  0.459028
  0.402000  0.000004  0.000003  0.000000  0.000000  0.000000  0.000001  0.000000  0.000000  0.563065
  0.403000  0.000004  0.000002  0.000000  0.000000  0.000000  0.000001  0.000000  0.000000  0.622094
  0.404000  0.000003  0.000002  0.000000  0.000000  0.000000  0.000002  0.000000  0.000000  0.681619
  0.405000  0.000003  0.000002  0.000000  0.000000  0.000000  0.000002  0.000000  0.000000  0.700719
  0.406000  0.000003  0.000001  0.000001  0.000000  0.000000  0.000001  0.000000  0.000000  0.720055
  0.407000  0.000004  0.000001  0.000001  0.000000  0.000000  0.000001  0.000000  0.000000  0.733055
  0.408000  0.000004  0.000001  0.000000  0.000000  0.000000  0.000001  0.000000  0.000000  0.746194
  0.409000  0.000004  0.000002  0.000001  0.000000  0.000000  0.000001  0.000000  0.000000  0.755713
  0.410000  0.000004  0.000003  0.000001  0.000000  0.000000  0.000001  0.000000  0.000000  0.765307
  0.411000  0.000005  0.000004  0.000000  0.000000  0.000000  0.000001  0.000000  0.000000  0.773398
  0.412000  0.000005  0.000005  0.000000  0.000000  0.000000  0.000001  0.000000  0.000000  0.781513
  0.413000  0.000005  0.000007  0.000000  0.000000  0.000000  0.000001  0.000000  0.000000  0.794170
  0.414000  0.000006  0.000009  0.000000  0.000000  0.000000  0.000001  0.000000  0.000000  0.806951
  0.415000  0.000006  0.000013  0.000000  0.000000  0.000001  0.000001  0.000000  0.000000  0.817088
  0.416000  0.000006  0.000018  0.000000  0.000000  0.000001  0.000001  0.000000  0.000000  0.827297
  0.417000  0.000005  0.000024  0.000000  0.000000  0.000001  0.000002  0.000000  0.000000  0.834881
  0.418000  0.000005  0.000031  0.000001  0.000000  0.000000  0.000002  0.000000  0.000000  0.842494
  0.419000  0.000004  0.000036  0.000000  0.000000  0.000000  0.000002  0.000000  0.000000  0.852105
  0.420000  0.000003  0.000041  0.000000  0.000000  0.000000  0.000001  0.000000  0.000000  0.861780
  0.421000  0.000004  0.000046  0.000000  0.000000  0.000000  0.000001  0.000000  0.000000  0.870336
  0.422000  0.000006  0.000050  0.000001  0.000000  0.000000  0.000001  0.000000  0.000000  0.878935
  0.423000  0.000007  0.000053  0.000000  0.000000  0.000000  0.000001  0.000000  0.000000  0.888090
  0.424000  0.000008  0.000057  0.000000  0.000000  0.000000  0.000000  0.000000  0.000000  0.897299
  0.425000  0.000009  0.000070  0.000000  0.000000  0.000000  0.000001  0.000000  0.000000  0.905055
  0.426000  0.000010  0.000083  0.000000  0.000000  0.000000  0.000001  0.000000  0.000000  0.912855
  0.427000  0.000010  0.000117  0.000000  0.000000  0.000000  0.000001  0.000000  0.000000  0.915665
  0.428000  0.000011  0.000150  0.000000  0.000000  0.000000  0.000001  0.000000  0.000000  0.918479
  0.429000  0.000011  0.000243  0.000000  0.000000  0.000000  0.000005  0.000000  0.000000  0.922839
  0.430000  0.000012  0.000337  0.000000  0.000000  0.000000  0.000010  0.000000  0.000000  0.927208
  0.431000  0.000027  0.000549  0.000000  0.000000  0.000000  0.000038  0.000000  0.000000  0.935542
  0.432000  0.000042  0.000762  0.000000  0.000000  0.000000  0.000066  0.000000  0.000000  0.943924
  0.433000  0.000057  0.001154  0.000000  0.000000  0.000000  0.000036  0.000000  0.000000  0.951392
  0.434000  0.000073  0.001547  0.000001  0.000000  0.000000  0.000005  0.000000  0.000000  0.958882
  0.435000  0.000088  0.002277  0.000000  0.000000  0.000000  0.000003  0.000000  0.000000  0.965088
  0.436000  0.000162  0.003011  0.000000  0.000000  0.000000  0.000000  0.000000  0.000000  0.971317
  0.437000  0.000235  0.004623  0.000000  0.000000  0.000000  0.000000  0.000000  0.000001  0.976637
  0.438000  0.000309  0.006243  0.000000  0.000000  0.000000  0.000000  0.000000  0.000001  0.981971
  0.439000  0.000384  0.012986  0.000000  0.000001  0.000000  0.000001  0.000001  0.000001  0.983950
  0.440000  0.000460  0.019782  0.000000  0.000001  0.000000  0.000001  0.000002  0.000001  0.985921
  0.441000  0.000951  0.038891  0.000000  0.000003  0.000000  0.000016  0.000005  0.000001  0.986628
  0.442000  0.001453  0.058202  0.000000  0.000005  0.000000  0.000030  0.000008  0.000000  0.987301
  0.443000  0.001945  0.105444  0.000000  0.000005  0.000000  0.000018  0.000004  0.000000  0.990887
  0.444000  0.002445  0.152796  0.000000  0.000004  0.000000  0.000005  0.000000  0.000000  0.994474
  0.445000  0.002951  0.245200  0.000001  0.000003  0.000000  0.000003  0.000000  0.000000  0.997236
  0.446000  0.023997  0.338160  0.000001  0.000002  0.000000  0.000000  0.000000  0.000000  1.000000
  0.447000  0.045204  0.447938  0.000000  0.000002  0.000000  0.000000  0.000000  0.000001  0.983135
  0.448000  0.066598  0.558680  0.000000  0.000001  0.000000  0.000000  0.000000  0.000002  0.966091
  0.449000  0.087652  0.629697  0.000000  0.000001  0.000000  0.000000  0.000000  0.000002  0.910123
  0.450000  0.109766  0.700970  0.000001  0.000001  0.000000  0.000000  0.000000  0.000001  0.853940
  0.451000  0.173626  0.726559  0.000001  0.000000  0.000000  0.000000  0.000000  0.000001  0.753462
  0.452000  0.238444  0.752222  0.000001  0.000000  0.000000  0.000000  0.000000  0.000001  0.652664
  0.453000  0.304244  0.762987  0.000001  0.000000  0.000000  0.000000  0.000000  0.000001  0.523399
  0.454000  0.369814  0.773822  0.000000  0.000000  0.000000  0.000000  0.000000  0.000001  0.393051
  0.455000  0.436163  0.778255  0.000000  0.000000  0.000000  0.000000  0.000000  0.000001  0.281577
  0.456000  0.445903  0.782703  0.000000  0.000000  0.000000  0.000000  0.000000  0.000000  0.169449
  0.457000  0.456488  0.786648  0.000001  0.000000  0.000000  0.000000  0.000000  0.000000  0.110349
  0.458000  0.467156  0.790604  0.000001  0.000000  0.000000  0.000000  0.000000  0.000000  0.050694
  0.459000  0.477314  0.795293  0.000001  0.000001  0.000001  0.000000  0.000000  0.000000  0.029891
  0.460000  0.487533  0.800000  0.000002  0.000001  0.000002  0.000000  0.000000  0.000000  0.008946
  0.461000  0.490532  0.800134  0.000003  0.000001  0.000003  0.000000  0.000000  0.000000  0.005276
  0.462000  0.492742  0.800259  0.000004  0.000001  0.000004  0.000000  0.000000  0.000000  0.001608
  0.463000  0.496970  0.803215  0.000005  0.000001  0.000003  0.000000  0.000000  0.000000  0.001058
  0.464000  0.501219  0.806177  0.000006  0.000000  0.000001  0.000000  0.000000  0.000000  0.000504
  0.465000  0.504992  0.809859  0.000009  0.000001  0.000001  0.000000  0.000001  0.000000  0.000361
  0.466000  0.507981  0.813545  0.000011  0.000001  0.000001  0.000000  0.000001  0.000001  0.000217
  0.467000  0.512530  0.818555  0.000012  0.000001  0.000001  0.000000  0.000001  0.000000  0.000170
  0.468000  0.517900  0.823585  0.000013  0.000000  0.000001  0.000000  0.000001  0.000000  0.000121
  0.469000  0.521740  0.824817  0.000014  0.000000  0.000001  0.000000  0.000000  0.000000  0.000096
  0.470000  0.525596  0.826045  0.000014  0.000000  0.000001  0.000000  0.000000  0.000000  0.000071
  0.471000  0.527004  0.827548  0.000014  0.000001  0.000002  0.000000  0.000000  0.000000  0.000059
  0.472000  0.528412  0.829049  0.000015  0.000001  0.000003  0.000001  0.000000  0.000000  0.000046
  0.473000  0.530767  0.832800  0.000017  0.000001  0.000002  0.000001  0.000000  0.000002  0.000030
  0.474000  0.533128  0.836562  0.000019  0.000001  0.000001  0.000001  0.000000  0.000004  0.000014
  0.475000  0.535583  0.842262  0.000020  0.000001  0.000001  0.000001  0.000001  0.000004  0.000012
  0.476000  0.533168  0.847985  0.000020  0.000001  0.000001  0.000001  0.000001  0.000004  0.000009
  0.477000  0.530902  0.857782  0.000021  0.000001  0.000001  0.000001  0.000001  0.000002  0.000010
  0.478000  0.528611  0.867630  0.000022  0.000001  0.000001  0.000002  0.000001  0.000000  0.000010
  0.479000  0.525023  0.873047  0.000022  0.000001  0.000001  0.000001  0.000001  0.000000  0.000007
  0.480000  0.522233  0.878482  0.000023  0.000001  0.000001  0.000001  0.000001  0.000000  0.000005
  0.481000  0.523948  0.877920  0.000024  0.000001  0.000001  0.000002  0.000001  0.000000  0.000008
  0.482000  0.525665  0.877351  0.000025  0.000001  0.000001  0.000004  0.000001  0.000000  0.000011
  0.483000  0.528750  0.876535  0.000029  0.000001  0.000001  0.000008  0.000001  0.000000  0.000011
  0.484000  0.531016  0.875704  0.000033  0.000001  0.000002  0.000012  0.000002  0.000000  0.000011
  0.485000  0.533660  0.878267  0.000036  0.000001  0.000001  0.000014  0.000002  0.000001  0.000011
  0.486000  0.532972  0.880832  0.000039  0.000001  0.000001  0.000015  0.000001  0.000001  0.000011
  0.487000  0.529782  0.885354  0.000042  0.000001  0.000001  0.000010  0.000001  0.000001  0.000011
  0.488000  0.527422  0.889872  0.000045  0.000001  0.000002  0.000005  0.000000  0.000001  0.000011
  0.489000  0.524842  0.898714  0.000056  0.000001  0.000002  0.000005  0.000000  0.000000  0.000010
  0.490000  0.523089  0.907576  0.000066  0.000001  0.000003  0.000004  0.000000  0.000000  0.000009
  0.491000  0.531064  0.917397  0.000089  0.000001  0.000002  0.000003  0.000001  0.000000  0.000009
  0.492000  0.538244  0.927275  0.000112  0.000001  0.000002  0.000002  0.000001  0.000000  0.000009
  0.493000  0.543979  0.933843  0.000175  0.000001  0.000002  0.000009  0.000001  0.000000  0.000011
  0.494000  0.549704  0.940398  0.000238  0.000001  0.000002  0.000015  0.000000  0.000000  0.000013
  0.495000  0.557280  0.950192  0.000396  0.000000  0.000003  0.000015  0.000000  0.000000  0.000012
  0.496000  0.557247  0.960031  0.000555  0.000000  0.000004  0.000015  0.000000  0.000000  0.000010
  0.497000  0.557865  0.971188  0.000941  0.000000  0.000003  0.000012  0.000000  0.000000  0.000008
  0.498000  0.558474  0.982414  0.001330  0.000001  0.000002  0.000008  0.000000  0.000000  0.000005
  0.499000  0.558357  0.991188  0.002209  0.000000  0.000002  0.000005  0.000000  0.000000  0.000003
  0.500000  0.558232  1.000000  0.003092  0.000000  0.000002  0.000001  0.000000  0.000001  0.000001
  0.501000  0.567009  0.996613  0.005402  0.000000  0.000002  0.000001  0.000000  0.000001  0.000001
  0.502000  0.575787  0.993217  0.007714  0.000000  0.000003  0.000001  0.000000  0.000001  0.000002
  0.503000  0.586010  0.964663  0.014495  0.000000  0.000002  0.000003  0.000000  0.000001  0.000001
  0.504000  0.596283  0.935942  0.021313  0.000000  0.000001  0.000005  0.000000  0.000000  0.000001
  0.505000  0.605533  0.855779  0.040520  0.000000  0.000001  0.000004  0.000000  0.000000  0.000001
  0.506000  0.608720  0.775458  0.059764  0.000000  0.000000  0.000004  0.000000  0.000000  0.000001
  0.507000  0.613995  0.654641  0.109017  0.000000  0.000000  0.000002  0.000000  0.000000  0.000001
  0.508000  0.618420  0.533105  0.158559  0.000000  0.000000  0.000001  0.000000  0.000000  0.000001
  0.509000  0.622163  0.415581  0.254862  0.000000  0.000000  0.000000  0.000000  0.000000  0.000001
  0.510000  0.626792  0.297629  0.351510  0.000000  0.000000  0.000000  0.000000  0.000000  0.000001
  0.511000  0.621212  0.221451  0.462548  0.000000  0.000000  0.000000  0.000000  0.000000  0.000001
  0.512000  0.615577  0.144699  0.574406  0.000000  0.000000  0.000000  0.000000  0.000000  0.000001
  0.513000  0.608659  0.106624  0.637671  0.000000  0.000000  0.000000  0.000000  0.000000  0.000001
  0.514000  0.600850  0.068530  0.700962  0.000000  0.000000  0.000000  0.000000  0.000000  0.000001
  0.515000  0.595414  0.050368  0.723007  0.000000  0.000000  0.000000  0.000000  0.000001  0.000001
  0.516000  0.602380  0.032107  0.745166  0.000000  0.000000  0.000000  0.000000  0.000001  0.000001
  0.517000  0.608497  0.022843  0.755066  0.000000  0.000000  0.000000  0.000000  0.000001  0.000001
  0.518000  0.615518  0.013555  0.764987  0.000000  0.000000  0.000000  0.000000  0.000001  0.000001
  0.519000  0.623094  0.009659  0.772169  0.000000  0.000000  0.000000  0.000000  0.000001  0.000001
  0.520000  0.630712  0.005734  0.779389  0.000000  0.000000  0.000000  0.000000  0.000000  0.000001
  0.521000  0.637752  0.004514  0.782403  0.000000  0.000000  0.000000  0.000000  0.000000  0.000001
  0.522000  0.644783  0.003294  0.785409  0.000000  0.000000  0.000000  0.000000  0.000000  0.000001
  0.523000  0.653522  0.002653  0.792212  0.000000  0.000000  0.000000  0.000000  0.000000  0.000001
  0.524000  0.662296  0.002009  0.799040  0.000001  0.000000  0.000000  0.000000  0.000000  0.000001
  0.525000  0.671541  0.001656  0.806850  0.000000  0.000000  0.000000  0.000000  0.000000  0.000001
  0.526000  0.667251  0.001301  0.814680  0.000000  0.000000  0.000000  0.000000  0.000000  0.000001
  0.527000  0.665200  0.001088  0.823567  0.000000  0.000000  0.000000  0.000000  0.000002  0.000001
  0.528000  0.662208  0.000873  0.832503  0.000000  0.000000  0.000000  0.000000  0.000003  0.000001
  0.529000  0.658477  0.000739  0.836627  0.000000  0.000000  0.000000  0.000000  0.000006  0.000003
  0.530000  0.654733  0.000605  0.840756  0.000001  0.000000  0.000000  0.000000  0.000009  0.000004
  0.531000  0.661559  0.000513  0.841167  0.000000  0.000000  0.000000  0.000000  0.000005  0.000003
  0.532000  0.668390  0.000421  0.841574  0.000000  0.000000  0.000000  0.000000  0.000001  0.000002
  0.533000  0.676674  0.000362  0.842503  0.000000  0.000000  0.000000  0.000000  0.000001  0.000001
  0.534000  0.684997  0.000303  0.843427  0.000000  0.000000  0.000000  0.000000  0.000000  0.000000
  0.535000  0.693098  0.000259  0.844305  0.000000  0.000000  0.000000  0.000000  0.000000  0.000000
  0.536000  0.692917  0.000216  0.845178  0.000000  0.000000  0.000000  0.000000  0.000001  0.000000
  0.537000  0.692173  0.000184  0.846298  0.000000  0.000000  0.000000  0.000000  0.000003  0.000000
  0.538000  0.690497  0.000152  0.847416  0.000000  0.000000  0.000000  0.000000  0.000005  0.000001
  0.539000  0.689370  0.000131  0.848876  0.000000  0.000000  0.000000  0.000000  0.000005  0.000000
  0.540000  0.688237  0.000109  0.850335  0.000000  0.000000  0.000000  0.000000  0.000005  0.000000
  0.541000  0.684570  0.000096  0.854793  0.000000  0.000000  0.000000  0.000000  0.000002  0.000000
  0.542000  0.680855  0.000082  0.859266  0.000000  0.000000  0.000000  0.000000  0.000000  0.000001
  0.543000  0.675725  0.000071  0.860179  0.000000  0.000000  0.000000  0.000000  0.000000  0.000000
  0.544000  0.669646  0.000060  0.861089  0.000000  0.000000  0.000000  0.000000  0.000000  0.000000
  0.545000  0.664973  0.000051  0.863516  0.000000  0.000000  0.000000  0.000000  0.000000  0.000000
  0.546000  0.673471  0.000043  0.865945  0.000000  0.000000  0.000000  0.000000  0.000001  0.000000
  0.547000  0.679722  0.000049  0.868077  0.000003  0.000000  0.000000  0.000000  0.000002  0.000009
  0.548000  0.686925  0.000055  0.870209  0.000005  0.000000  0.000000  0.000000  0.000003  0.000017
  0.549000  0.694228  0.000061  0.876379  0.000006  0.000000  0.000000  0.000000  0.000002  0.000079
  0.550000  0.701560  0.000067  0.882571  0.000007  0.000000  0.000000  0.000000  0.000001  0.000142
  0.551000  0.703497  0.000064  0.889084  0.000007  0.000000  0.000000  0.000000  0.000001  0.000073
  0.552000  0.704481  0.000062  0.895593  0.000007  0.000000  0.000000  0.000000  0.000000  0.000003
  0.553000  0.707503  0.000063  0.905848  0.000006  0.000000  0.000000  0.000000  0.000000  0.000002
  0.554000  0.710533  0.000063  0.916152  0.000005  0.000000  0.000000  0.000000  0.000000  0.000000
  0.555000  0.713576  0.000061  0.924469  0.000004  0.000000  0.000000  0.000000  0.000000  0.000000
  0.556000  0.711835  0.000058  0.932807  0.000004  0.000000  0.000000  0.000000  0.000000  0.000000
  0.557000  0.710512  0.000059  0.939046  0.000005  0.000000  0.000000  0.000000  0.000000  0.000000
  0.558000  0.709183  0.000060  0.945290  0.000005  0.000000  0.000000  0.000000  0.000000  0.000000
  0.559000  0.709009  0.000061  0.953766  0.000005  0.000000  0.000000  0.000000  0.000000  0.000000
  0.560000  0.709786  0.000063  0.962285  0.000004  0.000000  0.000000  0.000000  0.000000  0.000001
  0.561000  0.721632  0.000058  0.968349  0.000006  0.000000  0.000001  0.000000  0.000000  0.000001
  0.562000  0.732544  0.000053  0.974428  0.000008  0.000000  0.000002  0.000000  0.000000  0.000001
  0.563000  0.744301  0.000056  0.978775  0.000015  0.000000  0.000002  0.000000  0.000000  0.000000
  0.564000  0.755115  0.000059  0.983129  0.000022  0.000000  0.000003  0.000000  0.000000  0.000000
  0.565000  0.765752  0.000059  0.985726  0.000027  0.000000  0.000002  0.000000  0.000000  0.000000
  0.566000  0.763731  0.000059  0.988326  0.000032  0.000000  0.000001  0.000000  0.000000  0.000000
  0.567000  0.763086  0.000052  0.992613  0.000049  0.000000  0.000001  0.000000  0.000000  0.000000
  0.568000  0.762426  0.000046  0.996914  0.000066  0.000000  0.000001  0.000000  0.000000  0.000000
  0.569000  0.760130  0.000047  0.998458  0.000097  0.000000  0.000001  0.000000  0.000000  0.000000
  0.570000  0.757827  0.000049  1.000000  0.000127  0.000000  0.000001  0.000000  0.000000  0.000000
  0.571000  0.759075  0.000047  0.997664  0.000197  0.000000  0.000001  0.000000  0.000000  0.000000
  0.572000  0.759337  0.000045  0.995315  0.000266  0.000000  0.000002  0.000000  0.000000  0.000000
  0.573000  0.758987  0.000038  0.990792  0.000423  0.000000  0.000002  0.000000  0.000000  0.000000
  0.574000  0.758633  0.000030  0.986256  0.000579  0.000000  0.000003  0.000000  0.000000  0.000000
  0.575000  0.759818  0.000031  0.979121  0.000895  0.000000  0.000003  0.000000  0.000000  0.000000
  0.576000  0.767954  0.000032  0.971932  0.001213  0.000000  0.000003  0.000000  0.000000  0.000000
  0.577000  0.775962  0.000031  0.929219  0.001886  0.000000  0.000003  0.000000  0.000000  0.000001
  0.578000  0.784004  0.000029  0.886271  0.002563  0.000000  0.000003  0.000000  0.000000  0.000002
  0.579000  0.788552  0.000023  0.775096  0.004222  0.000000  0.000004  0.000000  0.000001  0.000002
  0.580000  0.794086  0.000017  0.664040  0.005879  0.000000  0.000004  0.000000  0.000001  0.000002
  0.581000  0.795880  0.000017  0.510294  0.010792  0.000000  0.000006  0.000000  0.000001  0.000001
  0.582000  0.796675  0.000017  0.355847  0.015728  0.000000  0.000007  0.000000  0.000000  0.000001
  0.583000  0.799196  0.000017  0.247024  0.037387  0.000000  0.000007  0.000000  0.000000  0.000000
  0.584000  0.801721  0.000017  0.137509  0.059182  0.000000  0.000007  0.000000  0.000000  0.000000
  0.585000  0.800715  0.000014  0.092924  0.134652  0.000001  0.000006  0.000000  0.000000  0.000000
  0.586000  0.803738  0.000012  0.048339  0.210122  0.000001  0.000005  0.000000  0.000000  0.000000
  0.587000  0.808469  0.000011  0.032973  0.329255  0.000001  0.000005  0.000000  0.000000  0.000000
  0.588000  0.814233  0.000011  0.017504  0.449186  0.000001  0.000005  0.000000  0.000000  0.000000
  0.589000  0.817271  0.000012  0.011533  0.556371  0.000001  0.000006  0.000000  0.000000  0.000000
  0.590000  0.819290  0.000013  0.005563  0.663550  0.000001  0.000007  0.000000  0.000000  0.000001
  0.591000  0.819574  0.000011  0.004189  0.749154  0.000001  0.000009  0.000000  0.000000  0.000001
  0.592000  0.820873  0.000010  0.002810  0.835025  0.000001  0.000011  0.000000  0.000001  0.000002
  0.593000  0.820756  0.000009  0.002143  0.861372  0.000001  0.000012  0.000000  0.000001  0.000003
  0.594000  0.820635  0.000008  0.001475  0.887772  0.000001  0.000013  0.000000  0.000001  0.000004
  0.595000  0.823030  0.000009  0.001129  0.899806  0.000001  0.000014  0.000000  0.000001  0.000004
  0.596000  0.826454  0.000009  0.000781  0.911898  0.000002  0.000014  0.000000  0.000001  0.000005
  0.597000  0.828338  0.000009  0.000600  0.917312  0.000007  0.000015  0.000000  0.000000  0.000003
  0.598000  0.831250  0.000009  0.000417  0.922733  0.000012  0.000017  0.000000  0.000000  0.000002
  0.599000  0.835054  0.000009  0.000320  0.927675  0.000012  0.000020  0.000000  0.000000  0.000002
  0.600000  0.838869  0.000008  0.000223  0.932634  0.000013  0.000024  0.000000  0.000001  0.000001
  0.601000  0.842119  0.000008  0.000171  0.935474  0.000019  0.000029  0.000000  0.000001  0.000001
  0.602000  0.846403  0.000008  0.000120  0.938310  0.000025  0.000033  0.000000  0.000000  0.000002
  0.603000  0.851423  0.000009  0.000094  0.942051  0.000029  0.000036  0.000000  0.000000  0.000002
  0.604000  0.856458  0.000009  0.000069  0.945801  0.000034  0.000038  0.000000  0.000000  0.000001
  0.605000  0.860802  0.000009  0.000054  0.947026  0.000041  0.000037  0.000000  0.000001  0.000001
  0.606000  0.858897  0.000009  0.000039  0.948246  0.000048  0.000037  0.000000  0.000001  0.000001
  0.607000  0.858673  0.000008  0.000030  0.951042  0.000063  0.000039  0.000000  0.000001  0.000001
  0.608000  0.857402  0.000007  0.000021  0.953839  0.000078  0.000041  0.000000  0.000001  0.000001
  0.609000  0.858458  0.000008  0.000014  0.960115  0.000100  0.000047  0.000000  0.000001  0.000002
  0.610000  0.858462  0.000008  0.000007  0.966412  0.000123  0.000054  0.000000  0.000001  0.000002
  0.611000  0.861335  0.000009  0.000005  0.972734  0.000172  0.000065  0.000000  0.000001  0.000003
  0.612000  0.864213  0.000009  0.000004  0.979075  0.000220  0.000075  0.000000  0.000001  0.000003
  0.613000  0.866181  0.000009  0.000003  0.983863  0.000317  0.000083  0.000000  0.000000  0.000003
  0.614000  0.869208  0.000008  0.000003  0.988665  0.000414  0.000092  0.000000  0.000000  0.000004
  0.615000  0.870285  0.000007  0.000002  0.989723  0.000628  0.000088  0.000000  0.000000  0.000006
  0.616000  0.872415  0.000006  0.000001  0.990776  0.000842  0.000085  0.000000  0.000000  0.000008
  0.617000  0.876091  0.000007  0.000000  0.992063  0.001380  0.000079  0.000000  0.000000  0.000010
  0.618000  0.879774  0.000007  0.000000  0.993349  0.001919  0.000073  0.000000  0.000000  0.000013
  0.619000  0.885051  0.000008  0.000001  0.996671  0.003390  0.000082  0.000000  0.000000  0.000011
  0.620000  0.889278  0.000008  0.000002  1.000000  0.004867  0.000090  0.000000  0.000001  0.000010
  0.621000  0.892480  0.000007  0.000002  0.998656  0.009935  0.000122  0.000000  0.000001  0.000008
  0.622000  0.894612  0.000006  0.000001  0.997307  0.015002  0.000154  0.000000  0.000001  0.000006
  0.623000  0.898337  0.000006  0.000002  0.941429  0.030519  0.000195  0.000000  0.000001  0.000005
  0.624000  0.902062  0.000005  0.000003  0.885482  0.046054  0.000235  0.000000  0.000001  0.000004
  0.625000  0.909253  0.000006  0.000006  0.759433  0.095566  0.000185  0.000000  0.000001  0.000004
  0.626000  0.914326  0.000006  0.000009  0.632251  0.145511  0.000134  0.000000  0.000001  0.000003
  0.627000  0.913140  0.000006  0.000009  0.501740  0.244827  0.000079  0.000000  0.000001  0.000003
  0.628000  0.913020  0.000006  0.000008  0.371563  0.343880  0.000024  0.000000  0.000001  0.000003
  0.629000  0.915451  0.000005  0.000012  0.253119  0.469790  0.000017  0.000000  0.000001  0.000003
  0.630000  0.917885  0.000004  0.000015  0.134322  0.596071  0.000009  0.000000  0.000001  0.000003
  0.631000  0.916011  0.000004  0.000014  0.086069  0.700463  0.000007  0.000000  0.000001  0.000003
  0.632000  0.915201  0.000003  0.000014  0.037557  0.805405  0.000005  0.000000  0.000000  0.000003
  0.633000  0.913241  0.000004  0.000018  0.024148  0.839173  0.000004  0.000000  0.000000  0.000003
  0.634000  0.912350  0.000004  0.000023  0.010668  0.873109  0.000003  0.000000  0.000000  0.000002
  0.635000  0.910762  0.000004  0.000026  0.007385  0.872776  0.000003  0.000000  0.000000  0.000002
  0.636000  0.913533  0.000004  0.000028  0.004090  0.872437  0.000002  0.000000  0.000000  0.000002
  0.637000  0.915832  0.000004  0.000031  0.002855  0.881036  0.000002  0.000000  0.000001  0.000003
  0.638000  0.918126  0.000004  0.000034  0.001619  0.889633  0.000001  0.000000  0.000001  0.000003
  0.639000  0.922052  0.000003  0.000032  0.001156  0.908747  0.000001  0.000000  0.000000  0.000003
  0.640000  0.924890  0.000003  0.000029  0.000691  0.927928  0.000001  0.000000  0.000000  0.000003
  0.641000  0.929981  0.000003  0.000029  0.000507  0.940551  0.000001  0.000000  0.000000  0.000003
  0.642000  0.933977  0.000004  0.000028  0.000323  0.953189  0.000001  0.000000  0.000001  0.000003
  0.643000  0.939682  0.000004  0.000026  0.000247  0.958201  0.000001  0.000000  0.000001  0.000003
  0.644000  0.945399  0.000004  0.000024  0.000170  0.963223  0.000001  0.000000  0.000001  0.000002
  0.645000  0.950791  0.000004  0.000024  0.000158  0.965042  0.000001  0.000000  0.000001  0.000003
  0.646000  0.948453  0.000003  0.000024  0.000145  0.966863  0.000002  0.000000  0.000001  0.000003
  0.647000  0.945488  0.000003  0.000017  0.000113  0.967019  0.000003  0.000000  0.000001  0.000002
  0.648000  0.942508  0.000003  0.000011  0.000080  0.967171  0.000003  0.000000  0.000001  0.000002
  0.649000  0.939717  0.000004  0.000005  0.000062  0.966384  0.000004  0.000000  0.000001  0.000002
  0.650000  0.936911  0.000004  0.000000  0.000044  0.965588  0.000005  0.000001  0.000001  0.000002
  0.651000  0.934713  0.000005  0.000000  0.000035  0.961925  0.000006  0.000000  0.000001  0.000002
  0.652000  0.932511  0.000005  0.000000  0.000026  0.958258  0.000006  0.000000  0.000002  0.000002
  0.653000  0.932111  0.000006  0.000000  0.000021  0.957294  0.000007  0.000001  0.000002  0.000002
  0.654000  0.930585  0.000006  0.000000  0.000016  0.956320  0.000007  0.000001  0.000003  0.000002
  0.655000  0.929417  0.000006  0.000000  0.000013  0.955500  0.000008  0.000001  0.000002  0.000002
  0.656000  0.933849  0.000005  0.000000  0.000010  0.954674  0.000009  0.000001  0.000002  0.000002
  0.657000  0.937174  0.000006  0.000000  0.000008  0.953447  0.000010  0.000001  0.000001  0.000002
  0.658000  0.939374  0.000006  0.000000  0.000007  0.952215  0.000011  0.000001  0.000001  0.000002
  0.659000  0.945292  0.000008  0.000000  0.000006  0.954009  0.000011  0.000001  0.000001  0.000002
  0.660000  0.951232  0.000010  0.000000  0.000005  0.955801  0.000012  0.000001  0.000001  0.000002
  0.661000  0.954727  0.000013  0.000000  0.000004  0.959849  0.000011  0.000001  0.000001  0.000002
  0.662000  0.959365  0.000016  0.000000  0.000004  0.963907  0.000011  0.000001  0.000002  0.000002
  0.663000  0.960659  0.000017  0.000001  0.000003  0.966600  0.000012  0.000001  0.000001  0.000002
  0.664000  0.961953  0.000017  0.000001  0.000003  0.969296  0.000012  0.000001  0.000001  0.000002
  0.665000  0.962781  0.000017  0.000001  0.000002  0.970358  0.000012  0.000001  0.000000  0.000002
  0.666000  0.959052  0.000018  0.000001  0.000002  0.971414  0.000011  0.000001  0.000000  0.000003
  0.667000  0.957641  0.000020  0.000001  0.000002  0.974797  0.000011  0.000001  0.000000  0.000003
  0.668000  0.957361  0.000023  0.000001  0.000001  0.978188  0.000010  0.000001  0.000000  0.000003
  0.669000  0.955618  0.000029  0.000001  0.000001  0.982852  0.000011  0.000001  0.000000  0.000004
  0.670000  0.953865  0.000036  0.000001  0.000001  0.987526  0.000011  0.000001  0.000000  0.000004
  0.671000  0.953952  0.000041  0.000001  0.000001  0.991481  0.000010  0.000001  0.000000  0.000006
  0.672000  0.954036  0.000047  0.000001  0.000001  0.995433  0.000008  0.000001  0.000000  0.000008
  0.673000  0.955468  0.000044  0.000001  0.000001  0.997718  0.000009  0.000001  0.000000  0.000011
  0.674000  0.955751  0.000041  0.000001  0.000001  1.000000  0.000009  0.000001  0.000000  0.000014
  0.675000  0.957376  0.000034  0.000001  0.000001  0.999085  0.000008  0.000001  0.000000  0.000017
  0.676000  0.961304  0.000027  0.000001  0.000001  0.998161  0.000007  0.000001  0.000000  0.000020
  0.677000  0.965867  0.000025  0.000001  0.000001  0.994134  0.000008  0.000001  0.000001  0.000018
  0.678000  0.970443  0.000023  0.000001  0.000001  0.990079  0.000009  0.000001  0.000001  0.000015
  0.679000  0.974086  0.000023  0.000001  0.000001  0.986893  0.000010  0.000001  0.000001  0.000011
  0.680000  0.977735  0.000024  0.000001  0.000001  0.983694  0.000010  0.000001  0.000001  0.000008
  0.681000  0.971154  0.000025  0.000001  0.000001  0.985212  0.000011  0.000001  0.000000  0.000006
  0.682000  0.964564  0.000027  0.000001  0.000001  0.986727  0.000012  0.000001  0.000000  0.000004
  0.683000  0.958101  0.000024  0.000001  0.000001  0.969895  0.000019  0.000001  0.000000  0.000004
  0.684000  0.952774  0.000022  0.000001  0.000000  0.952999  0.000025  0.000001  0.000000  0.000004
  0.685000  0.949217  0.000020  0.000001  0.000001  0.885280  0.000033  0.000001  0.000000  0.000004
  0.686000  0.951481  0.000017  0.000001  0.000001  0.817051  0.000040  0.000001  0.000000  0.000005
  0.687000  0.948465  0.000014  0.000001  0.000001  0.693925  0.000066  0.000001  0.000000  0.000004
  0.688000  0.945445  0.000012  0.000001  0.000001  0.571265  0.000092  0.000001  0.000001  0.000004
  0.689000  0.949390  0.000013  0.000001  0.000001  0.432308  0.000149  0.000001  0.000001  0.000004
  0.690000  0.953334  0.000013  0.000001  0.000001  0.291823  0.000207  0.000001  0.000001  0.000004
  0.691000  0.949479  0.000013  0.000001  0.000001  0.195875  0.000365  0.000001  0.000000  0.000004
  0.692000  0.945609  0.000014  0.000001  0.000001  0.100695  0.000521  0.000001  0.000000  0.000004
  0.693000  0.947704  0.000014  0.000001  0.000001  0.065814  0.000997  0.000001  0.000000  0.000004
  0.694000  0.950977  0.000014  0.000001  0.000000  0.030691  0.001475  0.000001  0.000001  0.000005
  0.695000  0.952193  0.000012  0.000001  0.000001  0.020441  0.003128  0.000001  0.000000  0.000007
  0.696000  0.955774  0.000010  0.000001  0.000001  0.010166  0.004784  0.000001  0.000000  0.000008
  0.697000  0.959837  0.000009  0.000001  0.000001  0.007152  0.014134  0.000002  0.000000  0.000015
  0.698000  0.965102  0.000008  0.000001  0.000001  0.004119  0.023540  0.000002  0.000000  0.000022
  0.699000  0.967351  0.000008  0.000001  0.000001  0.003016  0.061580  0.000002  0.000000  0.000024
  0.700000  0.969595  0.000008  0.000001  0.000001  0.001914  0.099610  0.000002  0.000000  0.000026
  0.701000  0.974847  0.000008  0.000001  0.000001  0.001433  0.194479  0.000002  0.000000  0.000020
  0.702000  0.980101  0.000008  0.000001  0.000000  0.000951  0.289444  0.000003  0.000000  0.000014
  0.703000  0.987835  0.000009  0.000001  0.000001  0.000735  0.404226  0.000004  0.000000  0.000011
  0.704000  0.994397  0.000010  0.000001  0.000001  0.000519  0.519421  0.000006  0.000000  0.000009
  0.705000  1.000000  0.000010  0.000001  0.000001  0.000404  0.622908  0.000005  0.000000  0.000008
  0.706000  0.998426  0.000010  0.000001  0.000001  0.000288  0.726563  0.000004  0.000000  0.000007
  0.707000  0.996089  0.000009  0.000001  0.000001  0.000232  0.811376  0.000006  0.000000  0.000008
  0.708000  0.992550  0.000009  0.000001  0.000001  0.000176  0.896194  0.000007  0.000000  0.000008
  0.709000  0.993282  0.000008  0.000001  0.000001  0.000139  0.924411  0.000006  0.000000  0.000008
  0.710000  0.994003  0.000007  0.000001  0.000001  0.000102  0.952792  0.000005  0.000000  0.000009
  0.711000  0.988619  0.000007  0.000001  0.000001  0.000083  0.964069  0.000005  0.000001  0.000009
  0.712000  0.983224  0.000008  0.000001  0.000001  0.000065  0.975357  0.000004  0.000001  0.000010
  0.713000  0.978724  0.000009  0.000001  0.000001  0.000049  0.981488  0.000004  0.000001  0.000010
  0.714000  0.975416  0.000009  0.000001  0.000001  0.000032  0.987634  0.000004  0.000001  0.000010
  0.715000  0.969563  0.000011  0.000001  0.000001  0.000027  0.987634  0.000004  0.000001  0.000012
  0.716000  0.968546  0.000012  0.000001  0.000001  0.000023  0.987629  0.000004  0.000001  0.000014
  0.717000  0.967948  0.000013  0.000001  0.000001  0.000018  0.988561  0.000004  0.000001  0.000024
  0.718000  0.968558  0.000014  0.000001  0.000001  0.000014  0.989491  0.000005  0.000001  0.000034
  0.719000  0.968479  0.000013  0.000001  0.000001  0.000014  0.991695  0.000005  0.000001  0.000066
  0.720000  0.968397  0.000012  0.000001  0.000001  0.000014  0.993901  0.000005  0.000001  0.000098
  0.721000  0.971015  0.000012  0.000001  0.000001  0.000016  0.996948  0.000006  0.000001  0.000104
  0.722000  0.973636  0.000012  0.000001  0.000001  0.000018  1.000000  0.000006  0.000000  0.000111
  0.723000  0.973711  0.000012  0.000001  0.000001  0.000016  0.999715  0.000006  0.000001  0.000076
  0.724000  0.975005  0.000013  0.000001  0.000001  0.000013  0.999427  0.000005  0.000001  0.000042
  0.725000  0.978855  0.000015  0.000001  0.000002  0.000013  0.999280  0.000007  0.000001  0.000033
  0.726000  0.976573  0.000017  0.000001  0.000002  0.000013  0.999121  0.000008  0.000001  0.000025
  0.727000  0.970086  0.000021  0.000001  0.000001  0.000014  0.992650  0.000010  0.000001  0.000024
  0.728000  0.963607  0.000024  0.000001  0.000001  0.000015  0.986185  0.000012  0.000001  0.000023
  0.729000  0.964304  0.000028  0.000001  0.000001  0.000014  0.986514  0.000014  0.000001  0.000027
  0.730000  0.963741  0.000031  0.000001  0.000001  0.000013  0.986813  0.000016  0.000001  0.000030
  0.731000  0.958650  0.000032  0.000001  0.000001  0.000013  0.983841  0.000021  0.000001  0.000035
  0.732000  0.953556  0.000033  0.000001  0.000001  0.000013  0.980865  0.000026  0.000001  0.000040
  0.733000  0.950948  0.000032  0.000001  0.000001  0.000012  0.981058  0.000031  0.000001  0.000048
  0.734000  0.948318  0.000031  0.000001  0.000001  0.000010  0.981243  0.000036  0.000001  0.000057
  0.735000  0.946654  0.000031  0.000001  0.000001  0.000011  0.977116  0.000044  0.000001  0.000067
  0.736000  0.948715  0.000031  0.000001  0.000001  0.000011  0.972964  0.000053  0.000001  0.000077
  0.737000  0.946855  0.000033  0.000001  0.000001  0.000008  0.953762  0.000065  0.000001  0.000128
  0.738000  0.944985  0.000035  0.000001  0.000001  0.000005  0.934620  0.000076  0.000001  0.000178
  0.739000  0.948958  0.000040  0.000001  0.000001  0.000004  0.890706  0.000091  0.000001  0.000300
  0.740000  0.952938  0.000045  0.000001  0.000001  0.000003  0.846399  0.000106  0.000001  0.000423
  0.741000  0.953920  0.000052  0.000001  0.000001  0.000004  0.756943  0.000128  0.000001  0.000368
  0.742000  0.953646  0.000059  0.000001  0.000001  0.000004  0.667534  0.000149  0.000001  0.000313
  0.743000  0.955871  0.000063  0.000001  0.000001  0.000003  0.564140  0.000181  0.000001  0.000199
  0.744000  0.958098  0.000068  0.000001  0.000001  0.000002  0.460533  0.000214  0.000001  0.000085
  0.745000  0.962583  0.000065  0.000001  0.000001  0.000002  0.359763  0.000256  0.000001  0.000065
  0.746000  0.965810  0.000063  0.000001  0.000001  0.000002  0.258036  0.000299  0.000001  0.000045
  0.747000  0.963366  0.000056  0.000001  0.000001  0.000001  0.178559  0.000375  0.000001  0.000043
  0.748000  0.960918  0.000049  0.000001  0.000001  0.000001  0.099068  0.000450  0.000001  0.000040
  0.749000  0.958780  0.000045  0.000001  0.000001  0.000001  0.064820  0.000581  0.000001  0.000049
  0.750000  0.956637  0.000041  0.000001  0.000001  0.000001  0.030544  0.000713  0.000001  0.000058
  0.751000  0.955250  0.000041  0.000001  0.000001  0.000001  0.019520  0.000947  0.000001  0.000102
  0.752000  0.953847  0.000041  0.000002  0.000001  0.000000  0.008439  0.001183  0.000001  0.000147
  0.753000  0.946916  0.000043  0.000001  0.000001  0.000000  0.005744  0.001616  0.000001  0.000382
  0.754000  0.941265  0.000046  0.000001  0.000001  0.000000  0.003059  0.002048  0.000001  0.000616
  0.755000  0.940962  0.000051  0.000001  0.000001  0.000001  0.002158  0.002886  0.000001  0.000711
  0.756000  0.940638  0.000056  0.000001  0.000001  0.000001  0.001251  0.003730  0.000000  0.000807
  0.757000  0.937273  0.000061  0.000001  0.000001  0.000001  0.000904  0.005210  0.000001  0.000563
  0.758000  0.935174  0.000066  0.000001  0.000001  0.000001  0.000556  0.006696  0.000001  0.000319
  0.759000  0.930525  0.000065  0.000001  0.000001  0.000002  0.000413  0.009694  0.000001  0.000204
  0.760000  0.924596  0.000064  0.000001  0.000001  0.000003  0.000270  0.012687  0.000001  0.000089
  0.761000  0.924682  0.000059  0.000001  0.000001  0.000003  0.000202  0.017707  0.000001  0.000062
  0.762000  0.924765  0.000053  0.000001  0.000001  0.000004  0.000134  0.022741  0.000001  0.000035
  0.763000  0.921994  0.000046  0.000001  0.000001  0.000006  0.000104  0.032646  0.000001  0.000026
  0.764000  0.920504  0.000039  0.000001  0.000001  0.000008  0.000074  0.042547  0.000001  0.000016
  0.765000  0.921684  0.000035  0.000001  0.000001  0.000010  0.000055  0.058860  0.000001  0.000013
  0.766000  0.926733  0.000032  0.000001  0.000001  0.000011  0.000037  0.075260  0.000001  0.000010
  0.767000  0.931718  0.000031  0.000001  0.000001  0.000009  0.000028  0.107139  0.000001  0.000009
  0.768000  0.935419  0.000029  0.000001  0.000001  0.000006  0.000020  0.139095  0.000001  0.000008
  0.769000  0.937482  0.000031  0.000001  0.000001  0.000006  0.000015  0.199684  0.000001  0.000007
  0.770000  0.940831  0.000032  0.000002  0.000001  0.000007  0.000010  0.260204  0.000000  0.000006
  0.771000  0.948994  0.000035  0.000002  0.000001  0.000008  0.000008  0.356491  0.000001  0.000006
  0.772000  0.958506  0.000039  0.000003  0.000000  0.000009  0.000007  0.453897  0.000001  0.000006
  0.773000  0.957449  0.000041  0.000004  0.000000  0.000008  0.000007  0.559651  0.000001  0.000006
  0.774000  0.956360  0.000044  0.000004  0.000000  0.000008  0.000007  0.664572  0.000001  0.000005
  0.775000  0.963832  0.000044  0.000004  0.000001  0.000007  0.000005  0.759967  0.000001  0.000007
  0.776000  0.964786  0.000045  0.000004  0.000001  0.000006  0.000004  0.856301  0.000001  0.000009
  0.777000  0.960360  0.000041  0.000003  0.000001  0.000005  0.000004  0.912456  0.000001  0.000010
  0.778000  0.955925  0.000038  0.000002  0.000001  0.000004  0.000003  0.968703  0.000000  0.000012
  0.779000  0.947948  0.000034  0.000002  0.000001  0.000005  0.000004  0.982307  0.000000  0.000016
  0.780000  0.941297  0.000030  0.000001  0.000001  0.000005  0.000004  0.995805  0.000001  0.000019
  0.781000  0.935869  0.000028  0.000001  0.000000  0.000004  0.000004  0.997907  0.000001  0.000024
  0.782000  0.929058  0.000025  0.000001  0.000000  0.000002  0.000004  1.000000  0.000001  0.000029
  0.783000  0.919461  0.000024  0.000001  0.000000  0.000002  0.000005  0.995243  0.000001  0.000037
  0.784000  0.909867  0.000024  0.000001  0.000000  0.000002  0.000006  0.990486  0.000001  0.000045
  0.785000  0.903000  0.000024  0.000001  0.000000  0.000002  0.000005  0.988907  0.000001  0.000055
  0.786000  0.900054  0.000025  0.000001  0.000000  0.000001  0.000005  0.987310  0.000001  0.000066
  0.787000  0.897279  0.000028  0.000001  0.000000  0.000001  0.000007  0.984506  0.000001  0.000092
  0.788000  0.894478  0.000031  0.000001  0.000001  0.000000  0.000009  0.981675  0.000001  0.000120
  0.789000  0.890824  0.000036  0.000000  0.000000  0.000001  0.000009  0.977315  0.000001  0.000183
  0.790000  0.887152  0.000041  0.000000  0.000000  0.000002  0.000008  0.972934  0.000001  0.000246
  0.791000  0.896632  0.000045  0.000000  0.000000  0.000001  0.000009  0.967675  0.000001  0.000262
  0.792000  0.907477  0.000050  0.000001  0.000000  0.000001  0.000010  0.962395  0.000000  0.000278
  0.793000  0.913568  0.000052  0.000001  0.000000  0.000001  0.000009  0.954230  0.000228  0.000214
  0.794000  0.920949  0.000053  0.000001  0.000000  0.000001  0.000008  0.946082  0.000454  0.000150
  0.795000  0.929402  0.000051  0.000001  0.000001  0.000001  0.000006  0.941139  0.000453  0.000116
  0.796000  0.855147  0.000050  0.000001  0.000001  0.000000  0.000005  0.936189  0.000453  0.000082
  0.797000  0.781197  0.000046  0.000001  0.000001  0.000001  0.000005  0.933343  0.000487  0.000073
  0.798000  0.706841  0.000043  0.000001  0.000001  0.000001  0.000005  0.930471  0.000522  0.000065
  0.799000  0.630350  0.000051  0.000001  0.000012  0.000007  0.000003  0.924928  0.000651  0.000093
  0.800000  0.553867  0.000060  0.000001  0.000023  0.000014  0.000000  0.919382  0.000780  0.000122
  0.801000  0.460692  0.000057  0.000002  0.000019  0.000014  0.000000  0.915539  0.000926  0.000119
  0.802000  0.367232  0.000054  0.000003  0.000014  0.000015  0.000000  0.911682  0.001073  0.000117
  0.803000  0.273260  0.000054  0.000002  0.000018  0.000013  0.000000  0.906478  0.001020  0.000133
  0.804000  0.179157  0.000055  0.000001  0.000022  0.000012  0.000000  0.901264  0.000966  0.000149
  0.805000  0.085816  0.000061  0.000001  0.000019  0.000013  0.000000  0.897600  0.000976  0.000161
  0.806000  0.072175  0.000067  0.000000  0.000016  0.000015  0.000000  0.893920  0.000986  0.000173
  0.807000  0.058365  0.000074  0.000000  0.000020  0.000016  0.000000  0.886046  0.001071  0.000188
  0.808000  0.044494  0.000081  0.000000  0.000023  0.000017  0.000000  0.878194  0.001155  0.000204
  0.809000  0.030865  0.000083  0.000000  0.000017  0.000014  0.000000  0.874707  0.001112  0.000184
  0.810000  0.017298  0.000085  0.000000  0.000011  0.000011  0.000000  0.871191  0.001069  0.000164
  0.811000  0.015202  0.000087  0.000000  0.000012  0.000012  0.000000  0.869327  0.001068  0.000143
  0.812000  0.013101  0.000090  0.000000  0.000013  0.000013  0.000000  0.867420  0.001067  0.000122
  0.813000  0.010919  0.000096  0.000000  0.000015  0.000012  0.000000  0.858688  0.001114  0.000112
  0.814000  0.008748  0.000101  0.000000  0.000018  0.000012  0.000000  0.849982  0.001161  0.000102
  0.815000  0.006600  0.000095  0.000000  0.000019  0.000011  0.000000  0.844284  0.001096  0.000093
  0.816000  0.005701  0.000089  0.000000  0.000020  0.000009  0.000000  0.838589  0.001030  0.000084
  0.817000  0.004810  0.000083  0.000000  0.000020  0.000008  0.000000  0.837202  0.001097  0.000081
  0.818000  0.003926  0.000078  0.000000  0.000020  0.000007  0.000000  0.835790  0.001165  0.000078
  0.819000  0.003026  0.000068  0.000000  0.000020  0.000008  0.000000  0.836920  0.001130  0.000076
  0.820000  0.002131  0.000057  0.000000  0.000019  0.000009  0.000000  0.838036  0.001094  0.000073
  0.821000  0.001891  0.000053  0.000000  0.000013  0.000008  0.000000  0.840306  0.001099  0.000064
  0.822000  0.001662  0.000049  0.000000  0.000006  0.000008  0.000000  0.842575  0.001103  0.000056
  0.823000  0.001409  0.000052  0.000000  0.000014  0.000010  0.000000  0.839803  0.001075  0.000069
  0.824000  0.001166  0.000055  0.000000  0.000022  0.000013  0.000000  0.837028  0.001048  0.000082
  0.825000  0.000922  0.000051  0.000000  0.000018  0.000008  0.000000  0.835657  0.001042  0.000072
  0.826000  0.000841  0.000047  0.000000  0.000014  0.000003  0.000000  0.834281  0.001035  0.000061
  0.827000  0.000761  0.000044  0.000000  0.000013  0.000004  0.000000  0.833975  0.001105  0.000067
  0.828000  0.000682  0.000042  0.000001  0.000011  0.000005  0.000000  0.833663  0.001175  0.000072
  0.829000  0.000606  0.000049  0.000003  0.000010  0.000008  0.000000  0.838121  0.001151  0.000071
  0.830000  0.000529  0.000057  0.000005  0.000009  0.000011  0.000000  0.842548  0.001127  0.000070
  0.831000  0.000512  0.000060  0.000005  0.000011  0.000007  0.000000  0.837665  0.001139  0.000072
  0.832000  0.000497  0.000064  0.000005  0.000014  0.000004  0.000000  0.832789  0.001151  0.000074
  0.833000  0.000482  0.000064  0.000004  0.000013  0.000005  0.000000  0.828766  0.001190  0.000070
  0.834000  0.000467  0.000065  0.000003  0.000013  0.000007  0.000000  0.824740  0.001229  0.000065
  0.835000  0.000450  0.000063  0.000002  0.000011  0.000007  0.000000  0.818604  0.001151  0.000059
  0.836000  0.000440  0.000062  0.000001  0.000008  0.000007  0.000000  0.812481  0.001074  0.000054
  0.837000  0.000434  0.000064  0.000001  0.000010  0.000007  0.000000  0.815395  0.001162  0.000050
  0.838000  0.000429  0.000065  0.000000  0.000012  0.000006  0.000000  0.818279  0.001251  0.000045
  0.839000  0.000419  0.000067  0.000000  0.000012  0.000006  0.000000  0.812489  0.001303  0.000048
  0.840000  0.000409  0.000069  0.000000  0.000012  0.000006  0.000000  0.806711  0.001355  0.000051
  0.841000  0.000410  0.000065  0.000000  0.000009  0.000006  0.000000  0.810747  0.001330  0.000046
  0.842000  0.000409  0.000062  0.000000  0.000006  0.000006  0.000000  0.814738  0.001304  0.000041
  0.843000  0.000405  0.000070  0.000001  0.000009  0.000007  0.000000  0.806782  0.001296  0.000037
  0.844000  0.000399  0.000078  0.000001  0.000011  0.000009  0.000000  0.798853  0.001289  0.000034
  0.845000  0.000396  0.000078  0.000001  0.000012  0.000008  0.000000  0.794161  0.001492  0.000029
  0.846000  0.000405  0.000078  0.000001  0.000013  0.000008  0.000000  0.789459  0.001695  0.000024
  0.847000  0.000415  0.000078  0.000000  0.000013  0.000007  0.000000  0.783077  0.002052  0.000027
  0.848000  0.000425  0.000079  0.000000  0.000013  0.000006  0.000000  0.776691  0.002410  0.000030
  0.849000  0.000436  0.000077  0.000000  0.000015  0.000005  0.000000  0.772012  0.003367  0.000036
  0.850000  0.000447  0.000075  0.000000  0.000017  0.000003  0.000000  0.767313  0.004328  0.000042
  0.851000  0.000428  0.000066  0.000000  0.000015  0.000005  0.000000  0.759112  0.006378  0.000036
  0.852000  0.000411  0.000058  0.000000  0.000013  0.000007  0.000000  0.750939  0.008413  0.000029
  0.853000  0.000395  0.000053  0.000004  0.000010  0.000006  0.000000  0.748264  0.012754  0.000027
  0.854000  0.000379  0.000049  0.000009  0.000008  0.000006  0.000000  0.745568  0.017115  0.000025
  0.855000  0.000361  0.000045  0.000009  0.000007  0.000006  0.000001  0.739271  0.030596  0.000028
  0.856000  0.000346  0.000041  0.000009  0.000006  0.000007  0.000001  0.732991  0.043994  0.000030
  0.857000  0.000336  0.000039  0.000006  0.000008  0.000007  0.000001  0.736832  0.086262  0.000031
  0.858000  0.000325  0.000037  0.000003  0.000010  0.000006  0.000001  0.740596  0.129445  0.000032
  0.859000  0.000312  0.000035  0.000003  0.000009  0.000006  0.000001  0.737386  0.221318  0.000032
  0.860000  0.000298  0.000032  0.000002  0.000009  0.000005  0.000002  0.734145  0.313746  0.000032
  0.861000  0.000300  0.000030  0.000001  0.000008  0.000006  0.000002  0.724900  0.421365  0.000030
  0.862000  0.000300  0.000028  0.000000  0.000007  0.000007  0.000003  0.715699  0.528020  0.000029
  0.863000  0.000303  0.000025  0.000000  0.000006  0.000007  0.000005  0.707968  0.615748  0.000023
  0.864000  0.000305  0.000022  0.000000  0.000005  0.000006  0.000007  0.700236  0.703445  0.000017
  0.865000  0.000309  0.000020  0.000000  0.000004  0.000009  0.000009  0.697141  0.789269  0.000016
  0.866000  0.000302  0.000019  0.000000  0.000004  0.000012  0.000011  0.693973  0.876032  0.000015
  0.867000  0.000291  0.000021  0.000001  0.000006  0.000011  0.000011  0.684957  0.926443  0.000016
  0.868000  0.000282  0.000023  0.000002  0.000007  0.000010  0.000011  0.675967  0.976639  0.000018
  0.869000  0.000271  0.000022  0.000002  0.000006  0.000009  0.000011  0.667286  0.981915  0.000016
  0.870000  0.000261  0.000021  0.000001  0.000005  0.000007  0.000011  0.658635  0.987144  0.000015
  0.871000  0.000259  0.000022  0.000001  0.000005  0.000008  0.000010  0.656526  0.990041  0.000016
  0.872000  0.000256  0.000022  0.000002  0.000005  0.000009  0.000008  0.654340  0.992903  0.000017
  0.873000  0.000251  0.000025  0.000002  0.000006  0.000007  0.000007  0.645221  0.990452  0.000018
  0.874000  0.000246  0.000028  0.000002  0.000007  0.000006  0.000006  0.636144  0.987983  0.000019
  0.875000  0.000242  0.000027  0.000001  0.000006  0.000004  0.000005  0.632471  0.993363  0.000018
  0.876000  0.000255  0.000026  0.000000  0.000005  0.000003  0.000003  0.628760  0.998761  0.000017
  0.877000  0.000268  0.000032  0.000000  0.000005  0.000004  0.000004  0.622861  0.999381  0.000017
  0.878000  0.000281  0.000038  0.000000  0.000005  0.000005  0.000005  0.616955  1.000000  0.000016
  0.879000  0.000293  0.000037  0.000006  0.000003  0.000007  0.000008  0.613046  0.998351  0.000016
  0.880000  0.000307  0.000035  0.000012  0.000002  0.000009  0.000010  0.609120  0.996691  0.000016
  0.881000  0.000301  0.000033  0.000010  0.000003  0.000008  0.000010  0.604603  0.990962  0.000021
  0.882000  0.000297  0.000031  0.000009  0.000004  0.000006  0.000009  0.600083  0.985229  0.000025
  0.883000  0.000293  0.000031  0.000010  0.000004  0.000006  0.000008  0.597901  0.981426  0.000017
  0.884000  0.000288  0.000030  0.000010  0.000003  0.000006  0.000008  0.595705  0.977600  0.000009
  0.885000  0.000284  0.000030  0.000011  0.000004  0.000007  0.000008  0.590914  0.970856  0.000017
  0.886000  0.000275  0.000029  0.000012  0.000004  0.000009  0.000007  0.586114  0.964100  0.000025
  0.887000  0.000266  0.000028  0.000010  0.000003  0.000007  0.000007  0.572770  0.956271  0.000017
  0.888000  0.000257  0.000028  0.000008  0.000002  0.000005  0.000007  0.559444  0.948449  0.000009
  0.889000  0.000248  0.000025  0.000009  0.000003  0.000005  0.000008  0.533255  0.940730  0.000010
  0.890000  0.000237  0.000022  0.000009  0.000003  0.000004  0.000009  0.507112  0.933020  0.000010
  0.891000  0.000242  0.000022  0.000009  0.000003  0.000005  0.000010  0.467458  0.928677  0.000010
  0.892000  0.000246  0.000023  0.000009  0.000003  0.000006  0.000011  0.427640  0.924312  0.000010
  0.893000  0.000251  0.000021  0.000008  0.000003  0.000005  0.000013  0.377958  0.920440  0.000009
  0.894000  0.000256  0.000019  0.000007  0.000004  0.000004  0.000014  0.328010  0.916538  0.000009
  0.895000  0.000259  0.000019  0.000008  0.000003  0.000005  0.000015  0.275174  0.910922  0.000009
  0.896000  0.000264  0.000020  0.000009  0.000003  0.000006  0.000017  0.222308  0.905301  0.000009
  0.897000  0.000268  0.000018  0.000007  0.000004  0.000005  0.000018  0.179263  0.901617  0.000014
  0.898000  0.000272  0.000017  0.000006  0.000005  0.000005  0.000020  0.136072  0.897917  0.000018
  0.899000  0.000277  0.000018  0.000007  0.000005  0.000005  0.000018  0.105036  0.895030  0.000019
  0.900000  0.000282  0.000018  0.000008  0.000004  0.000006  0.000017  0.073805  0.892112  0.000019
  0.901000  0.000274  0.000018  0.000007  0.000004  0.000005  0.000017  0.055686  0.886612  0.000019
  0.902000  0.000266  0.000017  0.000006  0.000004  0.000005  0.000017  0.037563  0.881108  0.000020
  0.903000  0.000257  0.000018  0.000008  0.000004  0.000005  0.000018  0.028011  0.876022  0.000020
  0.904000  0.000250  0.000018  0.000009  0.000004  0.000005  0.000019  0.018452  0.870932  0.000019
  0.905000  0.000241  0.000018  0.000006  0.000004  0.000004  0.000018  0.013815  0.864645  0.000017
  0.906000  0.000244  0.000018  0.000003  0.000003  0.000004  0.000018  0.009177  0.858357  0.000014
  0.907000  0.000247  0.000019  0.000005  0.000004  0.000004  0.000018  0.006654  0.853138  0.000015
  0.908000  0.000250  0.000019  0.000006  0.000004  0.000005  0.000019  0.004128  0.847911  0.000016
  0.909000  0.000254  0.000018  0.000006  0.000004  0.000004  0.000018  0.003379  0.844625  0.000015
  0.910000  0.000258  0.000018  0.000006  0.000003  0.000004  0.000018  0.002625  0.841298  0.000015
  0.911000  0.000265  0.000018  0.000007  0.000003  0.000004  0.000019  0.002278  0.836426  0.000013
  0.912000  0.000271  0.000019  0.000007  0.000003  0.000004  0.000020  0.001930  0.831520  0.000011
  0.913000  0.000276  0.000019  0.000007  0.000003  0.000003  0.000018  0.001687  0.822995  0.000011
  0.914000  0.000281  0.000018  0.000006  0.000003  0.000003  0.000017  0.001446  0.814489  0.000011
  0.915000  0.000288  0.000018  0.000006  0.000002  0.000003  0.000016  0.001306  0.808180  0.000010
  0.916000  0.000285  0.000018  0.000006  0.000002  0.000004  0.000014  0.001166  0.801853  0.000008
  0.917000  0.000284  0.000018  0.000007  0.000002  0.000004  0.000014  0.001077  0.796630  0.000008
  0.918000  0.000282  0.000017  0.000007  0.000002  0.000004  0.000015  0.000988  0.791379  0.000007
  0.919000  0.000278  0.000016  0.000007  0.000002  0.000003  0.000014  0.000953  0.782870  0.000007
  0.920000  0.000276  0.000016  0.000007  0.000002  0.000003  0.000013  0.000917  0.774377  0.000006
  0.921000  0.000275  0.000015  0.000006  0.000002  0.000003  0.000012  0.000916  0.768475  0.000005
  0.922000  0.000276  0.000014  0.000006  0.000002  0.000003  0.000011  0.000914  0.762548  0.000005
  0.923000  0.000275  0.000015  0.000006  0.000002  0.000003  0.000010  0.000868  0.758016  0.000005
  0.924000  0.000274  0.000015  0.000006  0.000002  0.000003  0.000009  0.000823  0.753450  0.000005
  0.925000  0.000273  0.000015  0.000006  0.000002  0.000003  0.000008  0.000798  0.746906  0.000004
  0.926000  0.000268  0.000014  0.000006  0.000001  0.000003  0.000007  0.000774  0.740330  0.000003
  0.927000  0.000261  0.000014  0.000006  0.000002  0.000003  0.000007  0.000755  0.730666  0.000004
  0.928000  0.000253  0.000013  0.000005  0.000002  0.000002  0.000006  0.000736  0.721029  0.000004
  0.929000  0.000247  0.000013  0.000005  0.000002  0.000003  0.000005  0.000732  0.715027  0.000004
  0.930000  0.000242  0.000013  0.000005  0.000001  0.000003  0.000005  0.000727  0.708967  0.000003
  0.931000  0.000241  0.000013  0.000005  0.000001  0.000003  0.000004  0.000766  0.701966  0.000003
  0.932000  0.000240  0.000013  0.000005  0.000001  0.000003  0.000004  0.000806  0.694925  0.000004
  0.933000  0.000238  0.000013  0.000005  0.000001  0.000003  0.000004  0.000761  0.683444  0.000003
  0.934000  0.000236  0.000012  0.000004  0.000001  0.000002  0.000004  0.000716  0.672005  0.000003
  0.935000  0.000234  0.000012  0.000004  0.000001  0.000002  0.000003  0.000701  0.661720  0.000003
  0.936000  0.000229  0.000011  0.000004  0.000002  0.000002  0.000003  0.000686  0.651449  0.000002
  0.937000  0.000225  0.000011  0.000004  0.000001  0.000002  0.000003  0.000666  0.644251  0.000003
  0.938000  0.000221  0.000011  0.000004  0.000001  0.000002  0.000003  0.000645  0.637009  0.000003
  0.939000  0.000217  0.000011  0.000004  0.000001  0.000002  0.000002  0.000624  0.629003  0.000003
  0.940000  0.000214  0.000011  0.000004  0.000001  0.000002  0.000002  0.000603  0.620929  0.000003
  0.941000  0.000213  0.000010  0.000004  0.000001  0.000002  0.000002  0.000625  0.610870  0.000003
  0.942000  0.000215  0.000010  0.000004  0.000001  0.000002  0.000002  0.000647  0.600818  0.000003
  0.943000  0.000217  0.000010  0.000003  0.000001  0.000002  0.000002  0.000469  0.592097  0.000003
  0.944000  0.000217  0.000009  0.000003  0.000001  0.000002  0.000002  0.000291  0.583368  0.000003
  0.945000  0.000219  0.000009  0.000003  0.000001  0.000001  0.000001  0.000281  0.574685  0.000004
  0.946000  0.000213  0.000008  0.000003  0.000001  0.000001  0.000001  0.000272  0.565968  0.000004
  0.947000  0.000208  0.000008  0.000003  0.000001  0.000001  0.000001  0.000273  0.556569  0.000004
  0.948000  0.000202  0.000008  0.000003  0.000001  0.000001  0.000001  0.000275  0.547173  0.000004
  0.949000  0.000196  0.000007  0.000002  0.000001  0.000001  0.000001  0.000140  0.539048  0.000004
  0.950000  0.000191  0.000007  0.000002  0.000001  0.000001  0.000001  0.000004  0.530905  0.000004
  0.951000  0.000187  0.000007  0.000002  0.000001  0.000001  0.000001  0.000004  0.523008  0.000004
  0.952000  0.000182  0.000006  0.000002  0.000001  0.000001  0.000001  0.000003  0.515101  0.000005
  0.953000  0.000178  0.000006  0.000003  0.000001  0.000001  0.000001  0.000003  0.508159  0.000005
  0.954000  0.000174  0.000007  0.000003  0.000001  0.000001  0.000001  0.000003  0.501164  0.000006
  0.955000  0.000169  0.000006  0.000003  0.000001  0.000001  0.000001  0.000003  0.493667  0.000005
  0.956000  0.000172  0.000006  0.000002  0.000001  0.000001  0.000001  0.000003  0.486158  0.000005
  0.957000  0.000175  0.000007  0.000002  0.000001  0.000001  0.000001  0.000002  0.478132  0.000006
  0.958000  0.000179  0.000007  0.000002  0.000001  0.000001  0.000001  0.000002  0.470104  0.000006
  0.959000  0.000180  0.000007  0.000002  0.000001  0.000001  0.000001  0.000002  0.462204  0.000006
  0.960000  0.000183  0.000007  0.000002  0.000001  0.000001  0.000001  0.000002  0.454311  0.000005
  0.961000  0.000177  0.000008  0.000002  0.000001  0.000001  0.000001  0.000002  0.447686  0.000006
  0.962000  0.000171  0.000009  0.000002  0.000001  0.000001  0.000001  0.000002  0.441024  0.000007
  0.963000  0.000164  0.000009  0.000002  0.000001  0.000001  0.000001  0.000001  0.434509  0.000006
  0.964000  0.000158  0.000010  0.000002  0.000001  0.000001  0.000001  0.000001  0.427972  0.000006
  0.965000  0.000151  0.000010  0.000002  0.000001  0.000001  0.000001  0.000001  0.421449  0.000005
  0.966000  0.000146  0.000011  0.000002  0.000001  0.000001  0.000001  0.000001  0.414905  0.000005
  0.967000  0.000141  0.000012  0.000002  0.000001  0.000001  0.000001  0.000001  0.409005  0.000005
  0.968000  0.000136  0.000012  0.000002  0.000001  0.000001  0.000000  0.000001  0.403090  0.000005
  0.969000  0.000131  0.000013  0.000002  0.000001  0.000001  0.000001  0.000001  0.396412  0.000005
  0.970000  0.000126  0.000014  0.000002  0.000001  0.000001  0.000001  0.000001  0.389741  0.000004
  0.971000  0.000127  0.000014  0.000002  0.000001  0.000001  0.000001  0.000001  0.384438  0.000004
  0.972000  0.000129  0.000014  0.000002  0.000001  0.000001  0.000001  0.000001  0.379119  0.000004
  0.973000  0.000131  0.000015  0.000002  0.000001  0.000001  0.000001  0.000001  0.374124  0.000004
  0.974000  0.000132  0.000015  0.000002  0.000001  0.000001  0.000001  0.000001  0.369100  0.000003
  0.975000  0.000134  0.000015  0.000002  0.000001  0.000001  0.000001  0.000001  0.363517  0.000004
  0.976000  0.000129  0.000015  0.000001  0.000001  0.000001  0.000001  0.000001  0.357934  0.000004
  0.977000  0.000125  0.000015  0.000002  0.000001  0.000001  0.000001  0.000001  0.352547  0.000004
  0.978000  0.000120  0.000014  0.000002  0.000001  0.000001  0.000001  0.000001  0.347162  0.000004
  0.979000  0.000116  0.000014  0.000001  0.000001  0.000001  0.000001  0.000001  0.341931  0.000004
  0.980000  0.000111  0.000013  0.000001  0.000001  0.000001  0.000001  0.000001  0.336697  0.000004
  0.981000  0.000108  0.000012  0.000001  0.000001  0.000001  0.000001  0.000001  0.332773  0.000004
  0.982000  0.000105  0.000012  0.000002  0.000001  0.000001  0.000000  0.000001  0.328829  0.000004
  0.983000  0.000101  0.000011  0.000001  0.000001  0.000001  0.000000  0.000001  0.325094  0.000004
  0.984000  0.000098  0.000010  0.000001  0.000001  0.000001  0.000000  0.000001  0.321346  0.000004
  0.985000  0.000094  0.000009  0.000001  0.000001  0.000001  0.000000  0.000001  0.317080  0.000005
  0.986000  0.000099  0.000009  0.000002  0.000001  0.000001  0.000000  0.000001  0.312798  0.000005
  0.987000  0.000103  0.000008  0.000001  0.000001  0.000001  0.000001  0.000001  0.308137  0.000005
  0.988000  0.000107  0.000007  0.000001  0.000002  0.000001  0.000001  0.000001  0.303474  0.000005
  0.989000  0.000111  0.000007  0.000001  0.000002  0.000001  0.000001  0.000001  0.299203  0.000005
  0.990000  0.000115  0.000006  0.000001  0.000002  0.000000  0.000000  0.000000  0.294920  0.000005
  0.991000  0.000109  0.000006  0.000001  0.000002  0.000001  0.000000  0.000001  0.289672  0.000005
  0.992000  0.000103  0.000006  0.000001  0.000002  0.000001  0.000000  0.000001  0.284427  0.000005
  0.993000  0.000096  0.000006  0.000001  0.000002  0.000001  0.000001  0.000001  0.279978  0.000005
  0.994000  0.000090  0.000006  0.000001  0.000002  0.000001  0.000001  0.000001  0.275512  0.000005
  0.995000  0.000084  0.000005  0.000001  0.000002  0.000001  0.000001  0.000001  0.271439  0.000004
  0.996000  0.000084  0.000005  0.000001  0.000002  0.000001  0.000000  0.000001  0.267357  0.000004
  0.997000  0.000084  0.000005  0.000001  0.000002  0.000001  0.000000  0.000001  0.262990  0.000004
  0.998000  0.000085  0.000005  0.000001  0.000002  0.000001  0.000000  0.000001  0.258623  0.000003
  0.999000  0.000085  0.000005  0.000001  0.000002  0.000001  0.000000  0.000000  0.254773  0.000003
  1.000000  0.000085  0.000005  0.000001  0.000002  0.000001  0.000000  0.000000  0.250912  0.000003
  1.001000  0.000082  0.000005  0.000001  0.000002  0.000001  0.000000  0.000000  0.247967  0.000003
  1.002000  0.000079  0.000005  0.000001  0.000001  0.000001  0.000000  0.000001  0.245015  0.000003
  1.003000  0.000076  0.000005  0.000001  0.000001  0.000001  0.000000  0.000000  0.241730  0.000002
  1.004000  0.000073  0.000005  0.000001  0.000001  0.000000  0.000000  0.000000  0.238444  0.000002
  1.005000  0.000070  0.000005  0.000001  0.000001  0.000001  0.000000  0.000000  0.235734  0.000002
  1.006000  0.000070  0.000005  0.000002  0.000001  0.000001  0.000000  0.000001  0.232996  0.000003
  1.007000  0.000071  0.000005  0.000002  0.000001  0.000001  0.000000  0.000001  0.229439  0.000002
  1.008000  0.000071  0.000005  0.000002  0.000001  0.000000  0.000000  0.000000  0.225877  0.000002
  1.009000  0.000071  0.000004  0.000002  0.000001  0.000000  0.000000  0.000000  0.221718  0.000002
  1.010000  0.000071  0.000004  0.000002  0.000001  0.000000  0.000000  0.000000  0.217559  0.000002
  1.011000  0.000069  0.000004  0.000002  0.000000  0.000000  0.000000  0.000000  0.214148  0.000002
  1.012000  0.000067  0.000003  0.000002  0.000000  0.000001  0.000000  0.000000  0.210720  0.000002
  1.013000  0.000065  0.000003  0.000002  0.000000  0.000001  0.000000  0.000000  0.206724  0.000002
  1.014000  0.000062  0.000003  0.000002  0.000001  0.000001  0.000000  0.000000  0.202718  0.000002
  1.015000  0.000060  0.000003  0.000002  0.000000  0.000001  0.000000  0.000000  0.198576  0.000003
  1.016000  0.000061  0.000002  0.000002  0.000000  0.000000  0.000000  0.000001  0.194429  0.000003
  1.017000  0.000062  0.000002  0.000002  0.000000  0.000000  0.000000  0.000000  0.190246  0.000003
  1.018000  0.000062  0.000002  0.000002  0.000000  0.000000  0.000000  0.000000  0.186058  0.000003
  1.019000  0.000063  0.000002  0.000002  0.000000  0.000000  0.000000  0.000000  0.182388  0.000003
  1.020000  0.000064  0.000002  0.000002  0.000000  0.000000  0.000000  0.000000  0.178705  0.000003
  1.021000  0.000061  0.000002  0.000002  0.000000  0.000000  0.000000  0.000000  0.174488  0.000003
  1.022000  0.000057  0.000002  0.000002  0.000000  0.000000  0.000000  0.000000  0.170271  0.000004
  1.023000  0.000054  0.000002  0.000002  0.000000  0.000000  0.000000  0.000000  0.166612  0.000004
  1.024000  0.000051  0.000002  0.000002  0.000000  0.000000  0.000000  0.000000  0.162937  0.000004
  1.025000  0.000047  0.000002  0.000002  0.000000  0.000000  0.000000  0.000000  0.159032  0.000004
  1.026000  0.000046  0.000002  0.000002  0.000000  0.000000  0.000000  0.000000  0.155108  0.000004
  1.027000  0.000044  0.000002  0.000002  0.000000  0.000000  0.000000  0.000000  0.150452  0.000004
  1.028000  0.000042  0.000002  0.000002  0.000000  0.000000  0.000000  0.000000  0.145799  0.000004
  1.029000  0.000041  0.000003  0.000002  0.000000  0.000000  0.000000  0.000000  0.141790  0.000004
  1.030000  0.000039  0.000003  0.000002  0.000000  0.000000  0.000000  0.000000  0.137770  0.000004
  1.031000  0.000038  0.000003  0.000002  0.000000  0.000000  0.000000  0.000000  0.132617  0.000004
  1.032000  0.000037  0.000003  0.000001  0.000000  0.000000  0.000000  0.000000  0.127452  0.000003
  1.033000  0.000035  0.000003  0.000001  0.000000  0.000000  0.000000  0.000000  0.121662  0.000003
  1.034000  0.000034  0.000003  0.000001  0.000000  0.000000  0.000000  0.000000  0.115883  0.000003
  1.035000  0.000033  0.000003  0.000001  0.000000  0.000001  0.000000  0.000000  0.109612  0.000003
  1.036000  0.000033  0.000003  0.000001  0.000000  0.000001  0.000000  0.000000  0.103325  0.000003
  1.037000  0.000034  0.000003  0.000001  0.000000  0.000001  0.000000  0.000000  0.095607  0.000003
  1.038000  0.000034  0.000002  0.000001  0.000000  0.000001  0.000000  0.000000  0.087874  0.000003
  1.039000  0.000035  0.000002  0.000001  0.000000  0.000001  0.000000  0.000000  0.079707  0.000003
  1.040000  0.000035  0.000002  0.000001  0.000000  0.000001  0.000000  0.000000  0.071507  0.000002
  1.041000  0.000034  0.000002  0.000001  0.000000  0.000001  0.000000  0.000000  0.062862  0.000002
  1.042000  0.000032  0.000002  0.000001  0.000000  0.000001  0.000000  0.000000  0.054200  0.000002
  1.043000  0.000031  0.000002  0.000001  0.000000  0.000001  0.000000  0.000000  0.046425  0.000002
  1.044000  0.000029  0.000002  0.000001  0.000000  0.000001  0.000000  0.000000  0.038635  0.000002
  1.045000  0.000028  0.000002  0.000001  0.000000  0.000001  0.000000  0.000000  0.032806  0.000002
  1.046000  0.000027  0.000001  0.000001  0.000000  0.000001  0.000000  0.000000  0.026967  0.000002
  1.047000  0.000026  0.000001  0.000001  0.000000  0.000001  0.000000  0.000000  0.022246  0.000002
  1.048000  0.000025  0.000001  0.000002  0.000000  0.000001  0.000000  0.000000  0.017517  0.000002
  1.049000  0.000024  0.000001  0.000002  0.000000  0.000001  0.000000  0.000000  0.013660  0.000002
  1.050000  0.000023  0.000001  0.000002  0.000000  0.000000  0.000000  0.000000  0.009796  0.000002
  1.051000  0.000023  0.000002  0.000002  0.000000  0.000000  0.000000  0.000000  0.007565  0.000001
  1.052000  0.000022  0.000002  0.000002  0.000000  0.000000  0.000000  0.000000  0.005329  0.000001
  1.053000  0.000021  0.000002  0.000002  0.000000  0.000000  0.000000  0.000000  0.004086  0.000001
  1.054000  0.000020  0.000002  0.000002  0.000000  0.000000  0.000000  0.000000  0.002840  0.000001
  1.055000  0.000019  0.000002  0.000002  0.000000  0.000000  0.000000  0.000000  0.002185  0.000002
  1.056000  0.000018  0.000002  0.000003  0.000000  0.000000  0.000000  0.000000  0.001529  0.000002
  1.057000  0.000018  0.000003  0.000003  0.000000  0.000000  0.000000  0.000000  0.001196  0.000002
  1.058000  0.000018  0.000003  0.000003  0.000000  0.000000  0.000000  0.000000  0.000863  0.000002
  1.059000  0.000017  0.000003  0.000003  0.000000  0.000000  0.000000  0.000000  0.000693  0.000002
  1.060000  0.000017  0.000003  0.000004  0.000000  0.000000  0.000000  0.000000  0.000524  0.000002
  1.061000  0.000016  0.000003  0.000004  0.000000  0.000000  0.000000  0.000000  0.000424  0.000002
  1.062000  0.000016  0.000003  0.000005  0.000000  0.000000  0.000000  0.000000  0.000324  0.000002
  1.063000  0.000015  0.000003  0.000006  0.000000  0.000000  0.000000  0.000000  0.000273  0.000003
  1.064000  0.000014  0.000003  0.000006  0.000000  0.000000  0.000000  0.000000  0.000221  0.000003
  1.065000  0.000013  0.000003  0.000007  0.000000  0.000000  0.000000  0.000000  0.000200  0.000003
  1.066000  0.000013  0.000003  0.000008  0.000000  0.000000  0.000000  0.000000  0.000179  0.000003
  1.067000  0.000012  0.000003  0.000009  0.000000  0.000000  0.000000  0.000000  0.000157  0.000003
  1.068000  0.000012  0.000003  0.000010  0.000000  0.000000  0.000000  0.000000  0.000135  0.000004
  1.069000  0.000012  0.000003  0.000012  0.000000  0.000000  0.000000  0.000000  0.000124  0.000004
  1.070000  0.000011  0.000002  0.000013  0.000000  0.000000  0.000000  0.000000  0.000114  0.000004
  1.071000  0.000011  0.000002  0.000015  0.000000  0.000000  0.000000  0.000000  0.000109  0.000004
  1.072000  0.000010  0.000002  0.000016  0.000000  0.000000  0.000000  0.000000  0.000105  0.000004
  1.073000  0.000010  0.000002  0.000018  0.000000  0.000000  0.000000  0.000000  0.000099  0.000004
  1.074000  0.000009  0.000002  0.000020  0.000000  0.000000  0.000000  0.000000  0.000094  0.000004
  1.075000  0.000009  0.000002  0.000021  0.000000  0.000000  0.000000  0.000000  0.000080  0.000005
  1.076000  0.000009  0.000002  0.000023  0.000000  0.000000  0.000000  0.000000  0.000067  0.000005
  1.077000  0.000009  0.000002  0.000024  0.000000  0.000000  0.000000  0.000000  0.000073  0.000005
  1.078000  0.000009  0.000002  0.000027  0.000000  0.000000  0.000000  0.000000  0.000080  0.000005
  1.079000  0.000009  0.000002  0.000028  0.000000  0.000000  0.000000  0.000000  0.000080  0.000005
  1.080000  0.000009  0.000003  0.000030  0.000000  0.000000  0.000000  0.000000  0.000080  0.000005
  1.081000  0.000008  0.000003  0.000032  0.000000  0.000000  0.000000  0.000000  0.000072  0.000005
  1.082000  0.000008  0.000004  0.000034  0.000000  0.000000  0.000000  0.000000  0.000063  0.000005
  1.083000  0.000008  0.000004  0.000036  0.000000  0.000000  0.000000  0.000000  0.000066  0.000005
  1.084000  0.000008  0.000004  0.000039  0.000000  0.000000  0.000000  0.000000  0.000068  0.000005
  1.085000  0.000007  0.000005  0.000041  0.000000  0.000000  0.000000  0.000000  0.000070  0.000005
  1.086000  0.000007  0.000005  0.000043  0.000000  0.000000  0.000000  0.000000  0.000073  0.000005
  1.087000  0.000007  0.000005  0.000046  0.000000  0.000000  0.000000  0.000000  0.000068  0.000005
  1.088000  0.000007  0.000006  0.000049  0.000000  0.000000  0.000000  0.000000  0.000062  0.000006
  1.089000  0.000007  0.000006  0.000052  0.000000  0.000000  0.000000  0.000000  0.000058  0.000006
  1.090000  0.000007  0.000006  0.000055  0.000000  0.000000  0.000000  0.000000  0.000054  0.000006
  1.091000  0.000007  0.000006  0.000059  0.000000  0.000000  0.000000  0.000000  0.000042  0.000006
  1.092000  0.000007  0.000006  0.000063  0.000000  0.000000  0.000000  0.000000  0.000029  0.000006
  1.093000  0.000007  0.000006  0.000068  0.000000  0.000000  0.000000  0.000000  0.000030  0.000006
  1.094000  0.000007  0.000006  0.000074  0.000000  0.000000  0.000000  0.000000  0.000032  0.000007
  1.095000  0.000006  0.000005  0.000081  0.000000  0.000000  0.000000  0.000000  0.000030  0.000007
  1.096000  0.000006  0.000005  0.000089  0.000000  0.000000  0.000000  0.000000  0.000028  0.000007
  1.097000  0.000006  0.000004  0.000100  0.000001  0.000000  0.000000  0.000000  0.000028  0.000008
  1.098000  0.000006  0.000004  0.000111  0.000001  0.000000  0.000000  0.000000  0.000028  0.000008
  1.099000  0.000006  0.000004  0.000125  0.000001  0.000000  0.000000  0.000000  0.000014  0.000008
  1.100000  0.000006  0.000003  0.000140  0.000001  0.000000  0.000000  0.000000  0.000001  0.000008
