391.298300,  393.696700,  396.095000,  398.493300,  400.891700,  403.290000,
  405.688300,  408.086700,  410.485000,  412.883300,  415.281700,  417.680000,
  420.078300,  422.476700,  424.875000,  427.273300,  429.671700,  432.070000,
  434.468300,  436.866700,  439.265000,  441.663300,  444.061700,  446.460000,
  448.858300,  451.256700,  453.655000,  456.053300,  458.451700,  460.850000,
  463.248300,  465.646700,  468.045000,  470.443300,  472.841700,  475.240000,
  477.638300,  480.036700,  482.435000,  484.833300,  487.231700,  489.630000,
  492.028300,  494.426700,  496.825000,  499.223300,  501.621700,  504.020000,
  506.418300,  508.816700,  511.215000,  513.613300,  516.011700,  518.410000,
  520.808300,  523.206700,  525.605000,  528.003300,  530.401700,  532.800000,
  535.198300,  537.596700,  539.995000,  542.393300,  544.791700,  547.190000,
  549.588300,  551.986700,  554.385000,  556.783300,  559.181700,  561.580000,
  563.978300,  566.376700,  568.775000,  571.173300,  573.571700,  575.970000,
  578.368300,  580.766700,  583.165000,  585.563300,  587.961700,  590.360000,
  592.758300,  595.156700,  597.555000,  599.953300,  602.351700,  604.750000,
  607.148300,  609.546700,  611.945000,  614.343300,  616.741700,  619.140000,
  621.538300,  623.936700,  626.335000,  628.733300,  631.131700,  633.530000,
  635.928300,  638.326700,  640.725000,  643.123300,  645.521700,  647.920000,
  650.318300,  652.716700,  655.115000,  657.513300,  659.911700,  662.310000,
  664.708300,  667.106700,  669.505000,  671.903300,  674.301700,  676.700000,
  679.098300,  681.496700,  683.895000,  686.293300,  688.691700,  691.090000,
  693.488300,  695.886700,  698.285000,  700.683300,  703.081700,  705.480000,
  707.878300,  710.276700,  712.675000,  715.073300,  717.471700,  719.870000,
  722.268300,  724.666700,  727.065000,  729.463300,  731.861700,  734.260000,
  736.658300,  739.056700,  741.455000,  743.853300,  746.251700,  748.650000,
  751.048300,  753.446700,  755.845000,  758.243300,  760.641700,  763.040000,
  765.438300,  767.836700,  770.235000,  772.633300,  775.031700,  777.430000,
  779.828300,  782.226700,  784.625000,  787.023300,  789.421700,  791.820000,
  794.218300,  796.616700,  799.015000,  801.413300,  803.811700,  806.210000,
  808.608300,  811.006700,  813.405000,  815.803300,  818.201700,  820.600000,
  822.998300,  825.396700,  827.795000,  830.193300,  832.591700,  834.990000,
  837.388300,  839.786700,  842.185000,  844.583300,  846.981700,  849.380000,
  851.778300,  854.176700,  856.575000,  858.973300,  861.371700,  863.770000,
  866.168300,  868.566700,  870.965000,  873.363300,  875.761700,  878.160000,
  880.558300,  882.956700,  885.355000,  887.753300,  890.151700,  892.550000,
  894.948300,  897.346700,  899.745000,  902.143300,  904.541700,  906.940000,
  909.338300,  911.736700,  914.135000,  916.533300,  918.931700,  921.330000,
  923.728300,  926.126700,  928.525000,  930.923300,  933.321700,  935.720000,
  938.118300,  940.516700,  942.915000,  945.313300,  947.711700,  950.110000,
  952.508300,  954.906700,  957.305000,  959.703300,  962.101700,  964.500000,
  966.898300,  969.296700,  971.695000,  974.093300,  976.491700,  978.890000,
  981.288300,  983.686700,  986.085000,  988.483300,  990.881700,  993.280000,
  995.678300,  998.076700, 1000.475000, 1002.873000,
4.714733, 4.472479, 4.366581, 4.362104, 4.255060, 4.468130, 4.492416,
 4.459060, 4.489137, 4.527320, 4.543231, 4.546411, 4.559509, 4.541595,
 4.566738, 4.565427, 4.545541, 4.603364, 4.543993, 4.422108, 4.405587,
 4.564335, 4.543602, 4.562601, 4.572483, 4.714733, 4.472479, 4.366581,
 4.362104, 4.255060, 4.468130, 4.492416, 4.459060, 4.489137, 4.527320,
 4.543231, 4.546411, 4.559509, 4.541595, 4.566738, 4.564556, 4.607939,
 4.638607, 4.524509, 4.231503, 4.219089, 5.507230, 4.664527, 4.546364,
 4.494618, 4.500897, 4.494361, 4.479255, 4.464362, 4.469232, 4.468007,
 4.485010, 4.504496, 4.509794, 4.496039, 4.511298, 4.514175, 4.500380,
 4.492349, 4.506350, 4.494199, 4.494653, 4.523549, 4.530712, 4.568088,
 4.589725, 4.503308, 4.456680, 4.468689, 4.475056, 4.457119, 4.439598,
 4.425304, 4.459232, 4.451298, 4.472030, 4.475085, 4.485276, 4.476093,
 4.486846, 4.452068, 4.290298, 4.152176, 4.905626, 4.412472, 4.399366,
 4.392852, 4.436348, 4.427101, 4.359316, 4.333862, 4.345973, 4.322840,
 4.309940, 4.310654, 4.307264, 4.308284, 4.337080, 4.320840, 4.323164,
 4.317681, 4.318202, 4.317908, 4.301082, 4.278108, 4.288639, 4.295023,
 4.317242, 4.315602, 4.380799, 4.400644, 4.386743, 4.419664, 4.419645,
 4.343642, 4.251117, 4.206305, 4.203750, 4.240801, 4.263484, 4.234584,
 4.611318, 4.220163, 4.184749, 4.262748, 4.769063, 4.510672, 4.429733,
 4.285742, 4.210020, 4.238262, 4.467105, 4.948177, 5.390608, 5.652086,
 5.753725, 5.715000, 5.585987, 5.556275, 5.498952, 5.562718, 5.366806,
 5.372532, 5.019102, 5.153656, 4.986855, 5.027914, 4.873279, 4.617028,
 4.654448, 4.472124, 4.501289, 4.393701, 4.425409, 4.275908, 4.284470,
 4.241954, 4.350418, 4.233305, 4.332883, 4.324464, 4.462023, 4.369820,
 4.448148, 4.506528, 4.024598, 5.623469, 4.592911, 4.906212, 4.712529,
 5.077566, 4.742557, 5.220125, 4.792209, 5.256709, 5.320474, 5.144780,
 5.607368, 4.994798, 5.746499, 5.083531, 5.404697, 5.823755, 5.108956,
 6.067318, 5.307113, 5.613743, 6.087565, 5.362122, 6.194824, 5.774813,
 5.529874, 6.270982, 5.385919, 6.346025, 6.188415, 5.348564, 6.619719,
 5.795748, 5.823846, 6.396029, 5.376032, 6.428085, 6.030090, 6.099670,
 5.857180, 5.952810, 6.044487, 6.089212, 5.160181, 5.641326, 6.482406,
 4.985925, 5.659027, 6.727362, 4.905685, 5.655467, 6.467941, 4.724952,
 5.647378, 6.444722, 4.770123, 5.244664, 6.761666, 4.790796, 5.000737,
 6.891129, 4.817341, 4.906796, 6.710145, 4.853792, 4.770648, 7.373698,
 5.314278, 4.619274, 7.111064, 5.498463, 4.968381, 6.698745, 5.810644,
 5.199768, 5.550793, 6.332175, 5.408025, 5.626793, 4.894805, 5.712861,
 5.310429, 5.220157, 5.801565, 4.927193
